   -1 1.687407 42
   -1 0.927554 23
   46 0.706233 19
   -1 0.971137 24
   -1 0.981326 24
   -1 1.599412 40
   -2 1.228750 33
   46 0.494681 13
   46 0.769189 20
   -1 0.729440 18
   -1 1.054906 27
   46 0.842301 23
   46 0.581700 15
   -1 1.042534 27
   -1 0.765788 20
   -1 0.953682 23
   46 0.793151 20
   -1 0.891231 23
   46 0.921444 25
   46 0.620622 16
   46 0.379940 9
   -1 1.037057 26
   46 0.508369 13
   46 0.559393 14
   46 0.557735 14
   46 0.396843 10
   -1 0.522229 12
   46 0.546216 14
   -1 0.691582 17
   46 0.529284 13
   46 0.532112 13
   -1 0.791246 20
   -1 0.662835 16
   46 0.928297 24
   46 0.813893 21
   46 0.156139 3
   46 0.354542 9
   46 0.272467 6
   46 0.366046 9
   -1 0.817402 21
   -1 0.719740 17
   46 0.406530 10
   46 0.460986 11
   46 0.669093 17
   46 0.553162 14
   -1 0.712652 17
   46 0.469092 12
   46 0.471136 11
   46 0.651687 17
   46 0.381967 9
   46 0.607408 16
   46 0.636913 16
   46 0.437431 11
   46 0.452316 11
   46 0.160799 3
   46 0.351140 8
   46 0.393669 10
   46 0.233142 5
   46 0.297557 7
   46 0.265037 6
   46 0.291686 6
   46 0.565689 14
   46 0.521107 13
   46 0.502025 12
   46 0.391514 9
   46 0.544837 14
   46 0.644313 16
   46 0.493717 12
   46 0.539970 13
   46 0.306731 7
   46 0.510238 13
   46 0.674544 16
   46 0.392333 9
   -1 0.536890 11
   46 0.533924 13
   46 0.496943 12
   46 0.376713 9
   46 0.405912 9
   -2 0.659549 15
   -1 0.513253 11
   46 0.240094 5
   46 0.191240 4
   46 0.458864 11
   46 0.423489 10
   46 0.229519 5
   46 0.439702 11
   46 0.356951 8
   46 0.446345 10
   46 0.458235 11
   46 0.450571 11
   46 0.241653 5
   46 0.471736 11
   -2 0.545423 13
   46 0.587622 14
   -2 0.353490 8
   46 0.375867 9
   46 0.383981 9
   46 0.208184 4
   46 0.384626 9
   46 0.362134 8
   46 0.235765 5
   -1 0.768735 17
   46 0.337107 8
   46 0.420008 10
   46 0.301195 7
   46 0.253834 5
   -1 0.678251 15
   -1 0.418141 9
   46 0.339791 8
   46 0.457215 11
   46 0.416031 9
   46 0.290075 6
   46 0.493930 12
   46 0.238376 5
   -1 0.531975 11
   46 0.472291 11
   46 0.285888 6
   46 0.338592 7
   46 0.323158 7
   46 0.492875 12
   46 0.261430 5
   46 0.255785 5
   46 0.258124 6
   46 0.325665 7
   46 0.240056 5
   46 0.261831 5
   46 0.269478 6
   46 0.199029 4
   46 0.420205 10
   46 0.362450 8
   -1 0.390377 8
   46 0.527790 13
   46 0.354341 7
    1 0.086529 1
   46 0.196205 4
   46 0.351426 8
   46 0.157823 3
   46 0.265829 5
   34 0.140782 2
   35 0.168197 3
   36 0.122852 2
   46 0.169542 3
   46 0.323791 7
   46 0.327377 7
   46 0.120389 2
   46 0.216588 4
   46 0.332329 8
   46 0.362979 8
   46 0.508260 11
   46 0.502805 12
   46 0.282970 6
   46 0.290351 6
   46 0.240632 5
   46 0.324218 7
   46 0.257928 5
   46 0.512411 12
    2 0.085711 1
   37 0.130579 2
   46 0.297333 6
   46 0.192242 4
   46 0.198277 4
   46 0.177852 3
   46 0.217553 4
   46 0.258539 6
   -1 0.570486 12
   46 0.168457 3
   46 0.303906 6
   46 0.500672 12
   46 0.354572 8
   46 0.192194 4
    3 0.088070 1
    4 0.086071 1
   46 0.413169 9
   46 0.134514 2
   46 0.337194 6
   46 0.164085 3
   46 0.177229 3
   46 0.354696 7
   46 0.170357 3
   46 0.364661 8
   46 0.213099 4
    5 0.086363 1
    6 0.085169 1
   46 0.296800 6
   -1 0.323576 6
   46 0.213096 4
   46 0.221240 4
    7 0.086071 1
   46 0.162739 3
   46 0.261457 5
   46 0.254658 5
    8 0.085987 1
   46 0.177462 3
   46 0.208097 4
    9 0.090518 1
   46 0.245404 5
   46 0.266025 5
   46 0.197597 4
   46 0.193978 3
   47 0.229133 4
   46 0.219545 4
   46 0.194645 3
   46 0.250887 5
   46 0.179099 3
   10 0.085020 1
   46 0.346537 7
   -3 0.353335 7
   46 0.153271 3
   46 0.236719 4
   46 0.231015 4
   46 0.263341 6
   11 0.086233 1
   46 0.199680 4
   48 0.188115 3
   46 0.209375 4
   46 0.245852 5
   46 0.166754 3
   12 0.087296 1
   46 0.162090 3
   46 0.167228 3
   46 0.192504 3
   -2 0.210541 4
   46 0.205493 4
   13 0.086839 1
   46 0.161302 3
   46 0.226709 4
   -2 0.260858 5
   38 0.123608 2
   39 0.117883 2
   46 0.175293 3
   46 0.228415 4
   14 0.097923 1
   46 0.166148 3
   -1 0.278966 5
   15 0.093570 1
   -3 0.296514 6
   40 0.144773 2
   46 0.171475 3
   41 0.122990 2
   46 0.173999 3
   16 0.086478 1
   42 0.123608 2
   46 0.255497 5
   43 0.148486 2
   -2 0.202747 3
   17 0.085293 1
   46 0.177028 3
   18 0.099508 1
   19 0.086071 1
   46 0.273610 5
   20 0.086839 1
   44 0.148217 2
   46 0.129157 2
   46 0.175054 3
   46 0.195144 4
   46 0.347196 7
   21 0.093190 1
   46 0.198518 3
   46 0.183890 3
   -2 0.193097 3
   46 0.195050 3
   46 0.185149 3
   22 0.093561 1
   23 0.084629 1
   -2 0.218309 3
   24 0.084904 1
   46 0.176674 3
   46 0.171575 3
   45 0.152547 2
   46 0.172889 3
   25 0.086662 1
   26 0.089075 1
   27 0.088070 1
   28 0.090520 1
   -2 0.208155 3
   46 0.229186 4
   46 0.157029 3
   29 0.087328 1
   -2 0.218853 3
   46 0.172591 3
   46 0.185880 3
   30 0.087716 1
   31 0.091744 1
   46 0.166448 3
   32 0.092493 1
   33 0.091574 1
   46 0.162807 3
   46 0.160029 3
