   -1 1.333660 36
   90 0.710368 20
   90 0.714928 20
   -1 0.752525 20
   -3 1.019474 29
   -1 1.269589 33
   -1 0.736973 19
   -1 0.650994 16
   -1 0.951489 24
   -1 1.190529 31
   -1 1.112735 30
   -1 0.757461 18
   -1 1.030847 25
   -1 1.102815 28
   90 0.785016 22
   90 0.468773 13
   -3 0.476469 13
   90 0.781202 22
   90 0.790596 21
   -1 0.767580 18
   90 0.408706 11
   90 0.480500 13
   90 0.696713 19
   -1 0.935701 25
   -1 1.005431 25
   90 0.800181 22
   90 0.497158 14
   90 0.556704 16
   90 0.623441 17
   90 0.307798 8
   90 0.535448 15
   90 0.287612 7
   90 0.446537 12
   90 0.366871 10
   90 0.664533 19
   90 0.658383 18
   90 0.329247 8
   90 0.457519 12
   90 0.519680 14
   90 0.629448 18
   90 0.275998 7
   90 0.313017 8
   -1 0.440807 11
   90 0.338203 9
   90 0.362564 9
   -2 0.705954 18
   -1 0.451280 10
   -1 0.413034 9
   -1 0.570252 15
   -1 0.552154 14
   90 0.326432 8
   -2 0.464598 12
   -1 0.378167 9
   90 0.438048 12
   -3 0.476120 13
   90 0.530455 14
   -3 0.603059 15
   90 0.315849 8
   90 0.486863 13
   -1 0.307767 7
   90 0.570107 16
   78 0.170407 4
   -1 0.348440 8
   90 0.217592 5
   90 0.498413 13
   90 0.561768 15
   -1 0.344287 8
   90 0.384162 10
   90 0.211332 5
   90 0.376614 10
   90 0.586347 15
   -2 0.498544 13
   -1 0.545899 14
   90 0.277427 7
   90 0.363921 9
   90 0.539549 15
   -1 0.319395 7
   90 0.268791 7
   90 0.361933 10
   -4 0.565672 15
   90 0.282318 7
   90 0.286115 7
   90 0.423841 11
   90 0.329270 8
   90 0.388783 9
   90 0.263153 6
   90 0.351981 9
   90 0.429237 11
   90 0.303486 7
   90 0.406525 10
   90 0.337948 9
   91 0.216707 5
   90 0.336384 9
   -2 0.261005 6
   -2 0.424120 11
   79 0.154024 3
   90 0.186996 4
   90 0.413868 11
   90 0.189794 4
   90 0.366197 9
   90 0.288551 7
   90 0.476985 12
   90 0.241771 6
   -5 0.331421 8
   -5 0.206408 5
   90 0.176762 4
   90 0.396655 10
   90 0.223024 5
   90 0.360828 9
   -1 0.645032 15
   90 0.389441 10
   90 0.189646 4
   -1 0.340925 7
   90 0.164058 3
   90 0.392494 10
   90 0.304246 7
   57 0.107294 2
   58 0.117262 2
   -2 0.231507 5
   90 0.369423 9
   90 0.193682 4
   90 0.214575 5
   90 0.110388 2
   90 0.290505 7
    1 0.074671 1
   90 0.375227 9
   90 0.319947 8
   -2 0.550030 13
   90 0.442692 11
   90 0.175506 4
   -3 0.389314 9
   59 0.112519 2
   90 0.239211 6
   90 0.244387 6
   -1 0.520120 12
   90 0.213761 5
    2 0.075501 1
   90 0.210065 5
   90 0.205491 4
   90 0.225032 5
   60 0.135288 2
   90 0.261670 6
   90 0.327207 8
   90 0.249019 6
    3 0.112887 2
   -1 0.285720 6
   90 0.239908 5
   90 0.258928 6
   90 0.325580 8
   90 0.114079 2
   90 0.244492 6
   86 0.118141 2
   90 0.332064 8
   90 0.452199 11
   90 0.315292 7
   90 0.228831 5
   -1 0.425870 9
   90 0.216394 5
   -5 0.411219 10
   90 0.323523 8
   90 0.190197 4
   61 0.115501 2
   90 0.198388 4
   90 0.249029 6
   90 0.261320 6
   90 0.392767 10
   62 0.119700 2
   -3 0.163421 3
   90 0.180057 4
   90 0.246379 6
   90 0.343799 8
    4 0.081216 1
   90 0.503717 13
   80 0.156214 3
   90 0.241655 5
   90 0.304626 7
   90 0.331527 8
   -4 0.193459 4
   90 0.166092 3
   90 0.121548 2
   90 0.150008 3
   90 0.152597 3
   -2 0.284681 6
   90 0.176968 4
   90 0.182998 4
   63 0.125954 2
   90 0.186174 4
   -1 0.246901 5
   90 0.204082 4
   90 0.265582 6
   90 0.290259 7
   90 0.475002 12
   64 0.115203 2
   90 0.193750 4
   -1 0.347416 7
   90 0.277179 6
   -3 0.245578 5
   -1 0.303422 6
   -1 0.432333 10
   90 0.222014 5
   65 0.124161 2
   90 0.147598 3
   -2 0.214281 4
   66 0.114786 2
   90 0.236700 5
   90 0.226770 5
   81 0.115767 2
   90 0.219060 5
   90 0.310978 7
   90 0.175982 4
   90 0.186064 4
   90 0.161571 3
   90 0.205687 4
   -2 0.204069 4
   82 0.181375 4
   90 0.396153 10
   90 0.159850 3
   90 0.112436 2
   -5 0.312784 7
   90 0.149355 3
   83 0.113178 2
    5 0.076919 1
   87 0.143494 3
   90 0.293301 7
   90 0.185094 4
    6 0.076335 1
   88 0.150251 3
   92 0.146967 3
   90 0.201555 4
   84 0.162004 3
   90 0.229616 5
    7 0.074385 1
   90 0.151903 3
   90 0.191420 4
    8 0.077042 1
   90 0.149149 3
   -3 0.232782 5
   67 0.127784 2
   89 0.164978 3
   -2 0.211161 4
    9 0.075559 1
   -2 0.237880 5
   68 0.106943 2
   69 0.111360 2
   90 0.198000 4
   90 0.187322 4
   10 0.075827 1
   70 0.127319 2
   11 0.107028 2
   12 0.079409 1
   90 0.237375 5
   -2 0.171810 3
   -1 0.222670 4
   -1 0.266082 5
   13 0.078626 1
   90 0.227266 5
   -2 0.347356 8
   90 0.156743 3
   71 0.126322 2
   14 0.085043 1
   72 0.146592 3
   90 0.293481 6
   15 0.079879 1
   73 0.133221 2
   90 0.204552 4
   90 0.151579 3
   90 0.186893 4
   90 0.173727 4
   90 0.156320 3
   74 0.157631 3
   90 0.153883 3
   90 0.250926 6
   90 0.273776 6
   16 0.077042 1
   -1 0.256003 4
   17 0.076556 1
   18 0.081641 1
   19 0.076556 1
   20 0.077906 1
   21 0.075559 1
   22 0.077906 1
   -2 0.187753 4
   90 0.150681 3
   90 0.186442 4
   75 0.134824 2
   90 0.181985 4
   23 0.077906 1
   90 0.165286 3
   93 0.118292 2
   -2 0.182143 3
   90 0.241294 5
   -2 0.202526 3
   -2 0.238886 4
   24 0.074671 1
   90 0.189805 4
   76 0.111877 2
   90 0.146605 3
   25 0.097258 1
   -4 0.333371 7
   90 0.211441 4
   90 0.178292 3
   -4 0.155417 3
   26 0.075501 1
   27 0.080229 1
   28 0.077042 1
   90 0.174856 3
   29 0.074346 1
   30 0.077441 1
   90 0.169385 3
   31 0.088091 1
   32 0.079104 1
   90 0.144774 3
   33 0.076381 1
   34 0.079104 1
   90 0.118158 2
   35 0.074839 1
   -3 0.160230 3
   36 0.085842 1
   37 0.075171 1
   90 0.170228 3
   38 0.078573 1
   90 0.162960 3
   90 0.150938 3
   77 0.114126 2
   90 0.157095 3
   39 0.079605 1
   40 0.081866 1
   41 0.110143 2
   42 0.083334 1
   43 0.078626 1
   44 0.084830 1
   -2 0.266759 6
   45 0.075501 1
   90 0.115745 2
   46 0.090175 1
   47 0.077042 1
   48 0.079699 1
   49 0.075827 1
   94 0.158161 3
   90 0.165043 3
   90 0.196327 4
   90 0.160725 3
   50 0.083078 1
   51 0.079438 1
   52 0.076001 1
   53 0.078626 1
   54 0.081216 1
   55 0.084255 1
   56 0.076335 1
   85 0.170169 3
