   -1 1.009819 30
   86 0.335817 10
   86 0.270665 8
   -1 0.589855 18
   -1 0.644838 19
   86 0.655597 20
   -1 1.699188 48
   86 0.314070 9
   86 0.266397 8
   86 1.184439 37
   -1 0.495052 14
   86 0.313480 9
   86 0.550013 17
   86 0.352783 10
   86 0.469416 14
   -1 0.455309 12
   86 0.214727 6
   86 0.600352 18
   86 0.334538 10
   86 0.215156 6
   86 0.443782 13
   -3 0.589108 17
   -1 0.652367 19
   86 0.344451 10
   -1 0.403425 10
   86 0.820331 25
   86 0.324650 9
   -3 0.557671 16
   86 0.235262 6
   86 0.377527 11
   -2 0.796997 23
   -1 0.539604 15
   86 0.436791 13
   86 0.416568 13
   86 0.317519 8
   -6 0.673058 20
   86 0.367060 11
   86 0.166644 4
   86 0.291281 8
   86 0.331574 9
   -1 0.591860 18
   86 0.345153 10
   86 0.211556 5
   -1 0.540805 14
   -4 0.464895 14
   86 0.493047 15
   -1 0.488205 13
   73 0.200495 5
   86 0.382337 11
   86 0.330575 9
   -1 0.510526 15
   86 0.370412 11
   86 0.249780 7
   -1 0.583740 16
   86 0.176379 4
   86 0.293041 8
   -1 0.279995 7
   86 0.353806 10
   -1 0.617125 18
   -1 0.400201 11
   86 0.128473 3
   86 0.258404 7
   86 0.249283 7
   86 0.220925 6
   86 0.218581 6
   86 0.158085 4
   86 0.300736 8
   86 0.277435 7
   86 0.273145 8
   86 0.443612 13
   -1 0.400666 11
   -3 0.535086 15
   -3 0.405671 11
   -2 0.371053 10
   86 0.327641 9
   -1 0.528594 15
   86 0.189625 5
   -6 0.464803 13
   86 0.527389 15
   86 0.411334 12
   86 0.269490 7
   -1 0.348944 9
   86 0.376156 10
   86 0.252573 7
   -1 0.547454 16
   -8 0.409504 12
   86 0.405113 11
   86 0.161622 4
   86 0.171299 4
   86 0.230222 6
   86 0.424305 13
   86 0.359500 10
   86 0.164703 4
   86 0.320485 9
   86 0.229804 6
   86 0.236986 6
   86 0.195536 5
   86 0.268928 7
   -4 0.334711 9
   86 0.192966 5
   86 0.158836 4
   86 0.177889 4
    1 0.064497 1
   -1 0.457423 12
   86 0.198703 5
   86 0.254537 7
   86 0.320770 9
   86 0.288058 8
   86 0.196274 5
   86 0.303432 9
   -1 0.317273 8
   86 0.279105 8
   -1 0.446611 12
   86 0.427093 12
   86 0.278394 8
   -1 0.638608 17
   86 0.193348 5
   86 0.414183 12
   86 0.278290 8
   -1 0.583540 16
   -3 0.436025 12
   86 0.330440 9
   86 0.187013 5
   -4 0.538420 15
   86 0.217528 6
   -1 0.313250 8
   86 0.229595 6
   86 0.185653 5
   -1 0.294126 7
   86 0.194821 5
   86 0.134912 3
   86 0.304505 9
    2 0.066846 1
   -1 0.257273 6
   86 0.301738 8
   86 0.139995 3
   86 0.381074 11
   86 0.239684 6
   -1 0.430159 11
   86 0.248446 6
   86 0.293014 8
   86 0.250690 7
   86 0.311082 8
   86 0.303674 8
   86 0.174899 4
   45 0.100191 2
   86 0.320145 9
   86 0.202783 5
   86 0.171872 4
   -3 0.386557 11
   -2 0.425800 11
   86 0.230270 6
   86 0.133726 3
   86 0.250329 6
   86 0.168936 4
   86 0.411693 11
   46 0.101498 2
   86 0.270062 7
   86 0.325702 9
   86 0.164008 4
   86 0.314907 9
   86 0.258928 7
   86 0.254377 7
   47 0.098752 2
    3 0.064815 1
   86 0.157494 4
   86 0.161795 4
   86 0.140154 3
   -1 0.332655 8
   -2 0.308488 8
   -1 0.254904 6
   86 0.283392 8
   48 0.145052 3
   82 0.161907 4
    4 0.067806 1
   -3 0.356063 9
   86 0.427035 12
   86 0.164670 4
   86 0.205788 5
   62 0.133011 3
   86 0.500773 14
   86 0.329221 9
   86 0.272822 7
   63 0.175148 4
   86 0.334529 9
   86 0.265244 7
   -2 0.367603 10
   86 0.267812 7
   -1 0.358997 9
   86 0.185295 4
   -1 0.357777 9
   86 0.126958 3
   64 0.099808 2
   86 0.240051 6
   86 0.165034 4
   86 0.297903 8
   49 0.100028 2
   80 0.143315 3
   -1 0.360989 9
   86 0.205755 5
   -2 0.320498 8
   -1 0.329851 8
   86 0.257860 6
   86 0.196178 5
   86 0.244079 7
   -3 0.207768 5
   -8 0.208143 5
   -1 0.228758 5
   86 0.122083 3
   86 0.209095 5
   86 0.186787 5
   86 0.334690 9
   86 0.096224 2
   86 0.135584 3
   86 0.249013 6
   86 0.241930 6
   86 0.196009 5
   86 0.213216 5
   86 0.208786 5
    5 0.069885 1
   86 0.197998 5
   86 0.203808 5
    6 0.065027 1
   86 0.163613 4
   86 0.231487 6
   86 0.201728 5
   86 0.211534 5
   -1 0.548793 15
   86 0.232499 6
   86 0.096864 2
   86 0.165317 4
   86 0.186044 4
   -1 0.260628 6
    7 0.065839 1
    8 0.065070 1
   86 0.252361 6
   86 0.166382 4
   86 0.133392 3
   86 0.213499 5
   86 0.318768 9
    9 0.064733 1
   86 0.194981 5
   86 0.179196 4
   74 0.134364 3
   86 0.195395 5
   10 0.068841 1
   86 0.204093 5
   86 0.220952 6
   86 0.258878 7
   86 0.127165 3
   11 0.070176 1
   86 0.136074 3
   50 0.129119 3
   86 0.238221 6
   65 0.130048 3
   -2 0.244248 6
   86 0.136249 3
   -2 0.290532 7
   86 0.170257 4
   -1 0.191848 4
   86 0.202134 5
   86 0.206077 5
   -7 0.261747 7
   86 0.174342 4
   86 0.109409 2
   12 0.065975 1
   66 0.142920 3
   86 0.148875 3
   -2 0.281778 7
   51 0.107869 2
   52 0.099365 2
   67 0.110519 2
   86 0.200137 5
   86 0.127988 3
   86 0.202295 5
   86 0.270203 7
   -2 0.144647 3
   86 0.258978 7
   86 0.204623 5
   86 0.133666 3
   86 0.133711 3
   86 0.169357 4
   86 0.132378 3
   86 0.194356 5
   86 0.140596 3
   86 0.134297 3
   13 0.070932 1
   84 0.098060 2
   -1 0.268806 5
   14 0.067816 1
   86 0.134678 3
   15 0.076653 1
   16 0.066463 1
   17 0.069595 1
   86 0.202624 5
   86 0.167079 4
   86 0.152874 3
   18 0.069168 1
   19 0.071230 1
   53 0.105657 2
   75 0.093566 2
   20 0.069790 1
   86 0.133194 3
   86 0.233416 6
   21 0.063739 1
   85 0.202617 5
   86 0.164349 4
   86 0.138753 3
   86 0.246603 6
   86 0.184169 4
   76 0.143455 3
   -7 0.222087 5
   86 0.183009 4
   86 0.173907 4
   86 0.168042 4
   86 0.196995 5
   86 0.185982 4
   86 0.162908 4
   -4 0.141713 3
   68 0.100660 2
   22 0.074774 1
   23 0.063834 1
   54 0.113677 2
   -4 0.106550 2
   86 0.101190 2
   86 0.199597 5
   77 0.152809 3
   86 0.169048 4
   86 0.184026 4
   86 0.137673 3
   -4 0.176086 4
   86 0.126480 3
   69 0.096687 2
   78 0.137772 3
   -3 0.143794 3
   24 0.068136 1
   25 0.067520 1
   86 0.136630 3
   86 0.142171 3
   86 0.146234 3
   -3 0.147287 3
   86 0.173922 4
   -5 0.270837 7
   26 0.069125 1
   86 0.102794 2
   86 0.127614 3
   27 0.067806 1
   86 0.208873 5
   28 0.065942 1
   86 0.133314 3
   86 0.105440 2
   29 0.066896 1
   86 0.140586 3
   86 0.172262 4
   -4 0.146053 3
   30 0.071600 1
   86 0.139051 3
   31 0.081582 1
   55 0.105707 2
   32 0.069979 1
   70 0.135839 3
   86 0.163663 4
   56 0.099776 2
   71 0.098288 2
   86 0.146499 3
   86 0.175762 4
   86 0.268601 7
   33 0.065975 1
   86 0.163982 4
   -4 0.217536 5
   86 0.183794 4
   86 0.138507 3
   86 0.136444 3
   86 0.147215 3
   86 0.141722 3
   34 0.071997 1
   57 0.127743 2
   86 0.110128 2
   35 0.068720 1
   87 0.140564 3
   58 0.116638 2
   -2 0.140231 3
   59 0.098174 2
   60 0.115249 2
   86 0.132287 3
   36 0.066810 1
   72 0.113909 2
   37 0.072332 1
   86 0.150303 3
   83 0.106198 2
   86 0.142814 3
   86 0.151572 3
   -5 0.187869 4
   38 0.064969 1
   86 0.134054 3
   -2 0.140056 3
   39 0.072807 1
   40 0.068720 1
   81 0.135431 3
   41 0.069675 1
   86 0.099025 2
   61 0.111311 2
   86 0.175455 4
   86 0.149258 3
   42 0.066886 1
   -2 0.162921 3
   86 0.161118 4
   86 0.141391 3
   86 0.143848 3
   -2 0.168360 3
   86 0.149451 3
   -3 0.149301 3
   43 0.068286 1
   -2 0.163981 3
   44 0.066983 1
   79 0.141723 3
   86 0.138509 3
   -2 0.152382 3
