  144 0.404871 13
  144 0.411231 13
   -1 0.777257 24
  144 0.412659 13
   -1 0.991705 30
   -2 0.584933 19
  144 0.432417 14
  144 0.207718 6
   -1 0.994712 30
  144 0.347949 11
  138 0.289459 9
  144 0.294276 9
  144 0.269412 8
  144 0.384387 12
   -1 0.602041 17
  144 0.177234 5
   -3 0.542899 17
   -1 0.576619 17
  144 0.319876 10
   -1 0.575519 17
  139 0.272459 8
  144 0.232293 7
  144 0.229634 7
   -1 1.104170 33
   -1 0.884269 26
  144 0.253833 7
  144 0.240057 7
   -3 0.316458 9
   -1 0.525451 15
  144 0.258507 8
  144 0.294602 9
   -1 0.683422 20
   -1 0.446981 13
  144 0.207314 6
  144 0.289194 9
   -1 0.543427 15
  144 0.248451 7
   -6 0.238332 7
  144 0.147641 4
  144 0.262278 8
  144 0.157823 4
  144 0.299192 9
   -1 0.636152 19
   -8 0.379969 11
   -7 0.270551 8
  144 0.367996 11
  144 0.175590 5
  129 0.159827 4
   -5 0.308458 9
  144 0.204895 6
  144 0.213564 6
  144 0.425752 13
   -1 0.714810 20
   -2 0.394386 12
  144 0.389168 12
  144 0.247533 7
   -1 0.679037 20
   -1 0.601063 16
  144 0.319548 9
   -2 0.613067 18
  144 0.533298 16
  144 0.271288 8
   -1 0.440326 13
   70 0.131902 3
   -1 0.481374 14
   -1 0.486498 14
  144 0.403846 12
  144 0.331184 10
   -3 0.428082 12
  144 0.407739 13
   -3 0.264854 7
  144 0.268091 8
  144 0.366640 11
  144 0.241769 7
  104 0.180116 5
  144 0.247230 7
  144 0.318527 9
   -7 0.269228 8
   -2 0.598737 18
   -1 0.456418 12
  144 0.149672 4
  144 0.256186 7
   -3 0.247797 7
  144 0.324212 10
   -1 0.553148 15
  144 0.152224 4
   -3 0.191929 5
  144 0.241645 7
   71 0.099196 2
  144 0.268783 7
  144 0.410705 13
  144 0.185396 5
   -1 0.202791 5
   -1 0.264440 7
   -8 0.324136 10
  144 0.146024 4
  144 0.306989 9
  144 0.189895 5
  144 0.207793 6
  144 0.287817 9
  144 0.124045 3
   -1 0.249820 6
   72 0.092406 2
  144 0.183540 5
  -10 0.245703 7
  144 0.350443 10
   -8 0.274257 8
  123 0.244204 7
  144 0.251265 7
  144 0.211589 6
  144 0.189801 5
  124 0.093156 2
   -2 0.419871 13
  144 0.187356 5
   -1 0.202803 5
  144 0.336820 10
   -5 0.450524 13
   -3 0.282687 8
  144 0.223521 6
  140 0.127243 3
   -8 0.094120 2
  144 0.256060 7
  144 0.158316 4
   -4 0.356550 10
   -1 0.383906 10
   -4 0.305058 9
   -5 0.401307 12
  144 0.180623 5
  144 0.182802 5
   -5 0.315800 9
  144 0.268037 8
   -1 0.463098 13
  144 0.250561 7
  144 0.233135 7
  144 0.325047 9
  144 0.184078 5
  144 0.123790 3
   73 0.090052 2
  117 0.145696 4
   -2 0.264129 7
  144 0.210281 6
  144 0.154835 4
  144 0.216242 6
  144 0.169752 5
  144 0.311020 9
  144 0.183985 5
  144 0.223002 6
   -9 0.201265 5
  144 0.124657 3
   -1 0.359213 9
  130 0.182125 5
  131 0.120856 3
  144 0.221191 6
   -1 0.401897 10
  144 0.117757 3
    1 0.061226 1
  144 0.124335 3
  144 0.148326 4
   -7 0.295211 8
   -1 0.399217 10
  144 0.182083 5
  144 0.310752 9
  145 0.124021 3
  144 0.237093 7
  144 0.115962 3
  -10 0.260711 7
   74 0.139410 3
  144 0.134791 3
  144 0.260850 7
  144 0.128521 3
  144 0.160663 4
  144 0.245522 7
   -3 0.149871 4
  144 0.220476 6
  144 0.214928 6
    2 0.108838 2
   -2 0.341379 9
  144 0.149996 4
   75 0.100506 2
  144 0.188501 5
  144 0.195028 5
   -6 0.160377 4
  144 0.126221 3
   -2 0.311655 9
  144 0.183004 5
   76 0.120372 3
  144 0.165516 4
  144 0.219217 6
   77 0.092174 2
   -2 0.278785 7
  144 0.191718 5
   -2 0.134865 3
  144 0.196940 5
   78 0.126315 3
  105 0.127325 3
  144 0.153409 4
  144 0.187930 5
   -1 0.310839 8
   -9 0.182391 5
  144 0.233105 6
  144 0.245730 7
   -1 0.241118 6
   -3 0.123331 3
  144 0.192243 5
  144 0.143771 3
  144 0.230782 6
   79 0.104062 2
  144 0.188473 5
  144 0.151731 4
  144 0.120706 3
  144 0.154482 4
  144 0.219359 6
  144 0.190515 5
   80 0.088196 2
   -2 0.454711 14
   -4 0.281181 7
  144 0.154935 4
  144 0.224406 6
  144 0.181236 5
  144 0.131985 3
  144 0.213955 6
  144 0.229925 6
  144 0.156673 4
  144 0.239001 6
  144 0.164144 4
   -2 0.193649 4
  144 0.161685 4
  144 0.222000 6
   81 0.119700 3
   -2 0.138142 3
  144 0.114737 3
  144 0.162836 4
    3 0.062907 1
   -1 0.280721 6
  144 0.188520 5
  106 0.087523 2
   -2 0.185718 5
   82 0.093752 2
   83 0.098395 2
   84 0.094139 2
  144 0.166563 4
  107 0.160279 4
  144 0.220894 6
  144 0.155093 4
  144 0.248844 7
  144 0.258998 7
  144 0.254445 7
  144 0.188125 5
    4 0.061812 1
   -6 0.192111 5
    5 0.062210 1
  144 0.127860 3
   -6 0.131030 3
  144 0.154926 4
  144 0.202219 5
   -5 0.289559 8
    6 0.059418 1
   -1 0.312349 8
  144 0.205761 6
    7 0.062512 1
   -1 0.290728 7
   85 0.140430 3
    8 0.057408 1
   -1 0.282159 7
   -2 0.172387 4
  142 0.125308 3
    9 0.059983 1
   -2 0.198528 5
  144 0.132963 3
  141 0.164131 4
  144 0.119130 3
   -6 0.233149 6
  144 0.195756 5
   86 0.141854 3
   -2 0.207263 5
   10 0.063814 1
   11 0.058321 1
   -1 0.181815 4
  144 0.155547 4
  108 0.102874 2
   12 0.064357 1
  144 0.160072 4
   13 0.064355 1
  144 0.128939 3
   14 0.058740 1
   87 0.089636 2
   -5 0.169515 4
   15 0.057979 1
  118 0.134150 3
  144 0.215255 6
   -1 0.232330 5
  119 0.099802 2
  144 0.164160 4
   -8 0.125707 3
  144 0.195680 5
  144 0.158067 4
  109 0.104964 2
   16 0.060675 1
   88 0.101554 2
   89 0.146285 3
  144 0.151884 4
   90 0.097177 2
  144 0.191496 5
  144 0.214958 6
   17 0.060675 1
   18 0.058711 1
  125 0.123660 3
   19 0.059107 1
  144 0.153586 4
   20 0.059106 1
   -2 0.164859 4
   21 0.058340 1
   -2 0.144116 3
   -6 0.168971 4
  144 0.209536 5
  144 0.202477 5
  144 0.126553 3
  126 0.098045 2
   22 0.058789 1
  110 0.141285 3
  144 0.160337 4
  111 0.134451 3
  144 0.147748 4
  144 0.189385 5
  144 0.268240 7
  144 0.151912 4
   -3 0.132357 3
  144 0.116864 3
   -2 0.276642 7
  144 0.160451 4
   -1 0.237232 5
   -4 0.099225 2
  144 0.096269 2
  112 0.099259 2
  144 0.190433 5
   91 0.110055 2
  144 0.158213 4
   23 0.063806 1
  144 0.182107 5
   -2 0.208284 5
   -2 0.179457 4
   24 0.064039 1
   25 0.058926 1
   26 0.063814 1
   92 0.106993 2
   93 0.096357 2
   27 0.063068 1
   -7 0.098873 2
  144 0.124535 3
   -2 0.127214 3
   -3 0.166333 4
   -2 0.173729 4
   -1 0.288207 7
  144 0.157644 4
  144 0.119373 3
   -5 0.133617 3
   28 0.058656 1
   -1 0.241424 5
   29 0.064042 1
  144 0.165922 4
  144 0.164056 4
   94 0.094255 2
  144 0.159193 4
   95 0.105301 2
  144 0.122945 3
  113 0.097917 2
  114 0.125804 3
  144 0.152246 4
   30 0.059983 1
   -1 0.404317 8
   31 0.064042 1
   32 0.069377 1
  144 0.125060 3
  120 0.098584 2
   33 0.058789 1
   34 0.061812 1
  144 0.161569 4
  144 0.158249 4
  144 0.133255 3
   35 0.072839 1
   -2 0.177601 4
   36 0.060260 1
  144 0.119117 3
   -2 0.209082 5
  127 0.160166 4
  144 0.098131 2
  144 0.160024 4
   37 0.059656 1
  115 0.121488 3
   -1 0.329141 6
   38 0.058671 1
   96 0.098233 2
  116 0.093500 2
   97 0.102175 2
  144 0.118011 3
   39 0.061226 1
  144 0.105869 2
  144 0.123973 3
  144 0.095974 2
   40 0.076509 1
   -2 0.141773 3
  144 0.120760 3
  144 0.164834 4
   -6 0.258913 7
   98 0.093387 2
   -4 0.136997 3
  143 0.124101 3
   99 0.097298 2
   41 0.058064 1
  121 0.097293 2
   -1 0.193120 4
  144 0.125084 3
  144 0.174641 4
   42 0.058321 1
   -6 0.129092 3
  144 0.163067 4
  144 0.155709 4
  144 0.158603 4
  144 0.166027 4
  144 0.128985 3
  135 0.132798 3
   -1 0.177177 4
   43 0.072839 1
   44 0.072839 1
  136 0.119151 3
  132 0.129405 3
  144 0.128587 3
  137 0.123587 3
  100 0.096219 2
   45 0.070923 1
   46 0.062210 1
   -2 0.122756 3
   47 0.067531 1
   -2 0.134964 3
  144 0.171576 4
  133 0.130546 3
  144 0.125920 3
  144 0.141424 3
   -3 0.168367 4
  144 0.134831 3
   48 0.057979 1
   49 0.063806 1
   -1 0.190825 4
   -1 0.180425 4
  144 0.105762 2
   50 0.076509 1
   -2 0.134243 3
   51 0.065183 1
  144 0.121193 3
   52 0.058740 1
   53 0.061226 1
   -4 0.207365 5
  122 0.137782 3
  101 0.099300 2
  144 0.161096 4
  146 0.142382 3
  144 0.158166 4
   54 0.060160 1
   -2 0.144566 3
  144 0.125194 3
   55 0.068516 1
   56 0.058321 1
   57 0.069649 1
   -2 0.135430 3
  144 0.165593 4
  144 0.136835 3
  128 0.100046 2
  144 0.133164 3
  144 0.166572 4
   -2 0.143754 3
  144 0.228437 6
   -2 0.149060 3
  102 0.132608 3
  144 0.130678 3
  144 0.129271 3
   -4 0.137403 3
   58 0.064143 1
  144 0.139236 3
  103 0.105871 2
   59 0.058064 1
   60 0.062512 1
   61 0.070919 1
  134 0.125877 3
   -3 0.131498 3
   62 0.068221 1
  144 0.124806 3
   -2 0.159516 3
  144 0.125529 3
  144 0.150031 3
  144 0.124558 3
   63 0.065272 1
   -2 0.153596 3
  144 0.124084 3
   -2 0.159461 3
   64 0.061991 1
  144 0.125864 3
   65 0.060260 1
   66 0.070210 1
   -2 0.143571 3
   67 0.070431 1
   68 0.069649 1
   69 0.064877 1
