   -3 0.661322 22
  195 0.453495 15
  195 0.366775 11
  181 0.252446 8
   -5 0.363646 11
   -1 0.754690 22
   -1 0.803579 24
  195 0.384276 12
  195 0.648630 21
  195 0.260195 8
   -1 0.663782 19
  195 0.367636 11
   -1 0.603736 18
   -1 0.808509 22
  195 0.311898 9
  187 0.325154 10
   -1 1.011403 29
  195 0.383254 12
   -1 0.521483 16
   -1 0.791106 23
  195 0.323939 10
   -1 0.820956 22
  195 0.320302 9
  195 0.354483 11
   -3 0.390148 12
   -1 0.730424 21
  195 0.274463 8
   -1 0.374583 10
   -5 0.305959 9
   -1 0.401891 12
   -6 0.209564 6
   -3 0.250298 7
  195 0.146510 4
  195 0.197917 6
   -4 0.378242 11
   -6 0.284693 8
  147 0.222315 6
   -4 0.386636 12
  195 0.185299 5
   -2 0.492277 15
   -3 0.217454 6
  195 0.250867 7
  104 0.153766 4
  169 0.207145 6
   -3 0.160392 4
   -2 0.461166 14
   -3 0.150080 4
   -2 0.371352 11
  195 0.271471 8
  195 0.222003 6
  195 0.285863 8
   -2 0.330419 9
  195 0.331241 10
   -1 0.501197 14
   -2 0.315410 9
  195 0.212747 6
  195 0.346061 10
   -2 0.276096 8
   -1 0.386068 11
  195 0.329173 10
  188 0.236576 7
  105 0.113523 3
  148 0.221543 6
   -2 0.340153 10
  195 0.124825 3
  195 0.374712 12
  195 0.423881 13
  106 0.150987 4
   -3 0.312382 9
   -2 0.342360 10
  195 0.315154 9
   -1 0.556575 15
   -2 0.569998 17
   -1 0.528527 16
  195 0.115236 3
  195 0.213036 6
   -1 0.258713 7
   -3 0.280209 8
  195 0.212759 6
  195 0.243665 7
   -1 0.496852 15
  149 0.150552 4
  182 0.117305 3
  107 0.126919 3
  108 0.086719 2
  195 0.273099 8
   -5 0.308999 9
   -1 0.359023 10
  195 0.185064 5
  195 0.181820 5
  195 0.153922 4
   -1 0.482413 14
  195 0.194824 5
   -1 0.536523 15
  -10 0.330094 9
   -4 0.282345 8
   -3 0.331729 9
  195 0.346496 10
  195 0.203250 6
   -1 0.274159 6
   -3 0.249156 7
  109 0.123193 3
   -4 0.208310 6
  195 0.191103 5
  170 0.116963 3
  195 0.129812 3
   -3 0.213165 6
   -3 0.311604 9
   -1 0.234726 6
  171 0.163383 4
  195 0.150719 4
   -1 0.250809 7
  195 0.222795 6
  150 0.149342 4
  195 0.185085 5
  195 0.150114 4
  195 0.275924 8
  195 0.225424 6
    1 0.089088 2
  195 0.258025 7
   -1 0.375071 10
  195 0.120495 3
  151 0.152302 4
  152 0.157957 4
  195 0.154806 4
   -4 0.294158 8
  195 0.154325 4
   -1 0.317984 9
   -3 0.156312 4
  195 0.226450 6
   -1 0.323625 9
   -1 0.246678 6
   -1 0.311336 8
   -4 0.296218 8
   -1 0.230828 6
  110 0.092831 2
  183 0.096007 2
  195 0.208880 6
   -2 0.229057 6
  184 0.158308 4
  195 0.184882 5
  172 0.111298 3
  195 0.144712 4
  195 0.188768 5
  195 0.251570 7
    2 0.055683 1
  153 0.125116 3
  -10 0.133823 3
  195 0.212449 6
  195 0.185022 5
  195 0.260715 7
   -1 0.319444 8
   -5 0.273579 8
   -2 0.197667 5
  195 0.156935 4
  195 0.127711 3
   -1 0.246251 6
   -3 0.283404 8
   -5 0.188706 5
  195 0.127497 3
    3 0.117876 3
   -2 0.255592 7
  195 0.184822 5
   -2 0.216126 6
   -3 0.256567 7
   -1 0.367168 10
   -1 0.291692 7
  195 0.189735 5
  195 0.217080 6
  111 0.100367 2
  195 0.188444 5
   -2 0.356494 10
    4 0.056382 1
  195 0.156470 4
   -3 0.198682 5
  195 0.183200 5
  195 0.145367 4
  195 0.156992 4
   -1 0.328112 8
   -1 0.510792 13
  112 0.130290 3
  154 0.129334 3
    5 0.056460 1
  113 0.089403 2
   -1 0.170416 4
   -1 0.237600 6
  195 0.323881 9
  195 0.193483 5
  195 0.176745 4
  114 0.122614 3
   -1 0.311933 8
  195 0.149778 4
  115 0.097901 2
   -6 0.194178 5
  195 0.178028 5
  -10 0.134572 3
    6 0.058942 1
  195 0.278148 8
  195 0.158369 4
  195 0.181527 5
  195 0.114814 3
   -4 0.129485 3
  195 0.146463 4
  173 0.164860 4
   -4 0.181759 5
   -1 0.247246 6
  195 0.131878 3
   -2 0.160117 4
   -1 0.272837 7
  195 0.131541 3
  155 0.093633 2
    7 0.057626 1
  195 0.132483 3
  195 0.264761 7
  174 0.226379 6
  195 0.150893 4
  116 0.086203 2
   -4 0.197846 5
   -1 0.319321 7
    8 0.055378 1
  156 0.125750 3
  195 0.166496 4
  195 0.162439 4
    9 0.094045 2
   -5 0.129681 3
  195 0.217392 6
  117 0.093408 2
   -2 0.199222 5
  195 0.282406 8
   10 0.056868 1
  195 0.154514 4
   -2 0.200156 5
  195 0.208062 5
  195 0.152651 4
  195 0.095193 2
  189 0.090590 2
   -3 0.132886 3
  118 0.092253 2
   11 0.065998 1
   -1 0.301550 8
   -2 0.126927 3
  194 0.164811 4
  119 0.088832 2
   -4 0.122489 3
   -2 0.198965 5
   -3 0.155224 4
   -1 0.302588 8
  190 0.094060 2
   -3 0.149816 4
   -3 0.163270 4
  196 0.133193 3
   -1 0.511431 13
   -6 0.124473 3
   -1 0.424933 11
  175 0.094968 2
  195 0.226389 6
  195 0.132049 3
  120 0.092461 2
  195 0.195898 5
   12 0.102621 2
  121 0.094709 2
   13 0.056788 1
  122 0.129857 3
  195 0.127704 3
  195 0.191958 5
   -1 0.245240 6
   14 0.057788 1
  192 0.133064 3
   -3 0.151730 4
   -2 0.265831 7
    9 0.131035 3
  123 0.103251 2
  157 0.094965 2
   -2 0.211223 5
  124 0.097082 2
  195 0.161478 4
   15 0.060663 1
   16 0.065998 1
   -4 0.231361 7
  195 0.218663 6
  195 0.185207 5
  125 0.118723 3
  195 0.186313 5
  -10 0.133631 3
  195 0.150593 4
   -4 0.091131 2
  176 0.119398 3
  195 0.205267 5
  195 0.150945 4
   17 0.130814 3
  158 0.092022 2
  195 0.158046 4
   -2 0.242147 6
  195 0.127070 3
  126 0.099198 2
  127 0.090181 2
  -10 0.133041 3
  195 0.186966 5
  195 0.135993 3
  195 0.204331 5
   18 0.058461 1
   -2 0.163010 4
   19 0.093978 2
  128 0.095180 2
   -1 0.251801 6
  195 0.091179 2
  159 0.099609 2
  195 0.117792 3
   -5 0.187036 5
   -1 0.252247 6
  160 0.129896 3
   -3 0.192977 5
   -1 0.250409 6
   -1 0.223074 5
   -5 0.176610 4
   -1 0.380791 7
   -6 0.150596 4
   20 0.062085 1
  177 0.128896 3
   21 0.055733 1
   -1 0.287192 7
  195 0.123032 3
  195 0.157019 4
   22 0.084842 2
   -2 0.224455 6
  195 0.119858 3
  195 0.152149 4
  161 0.084003 2
   23 0.060303 1
   24 0.060621 1
   -1 0.213946 5
  195 0.174131 4
  195 0.165777 4
   -1 0.196540 4
   -4 0.129141 3
  195 0.118472 3
   -1 0.228539 5
  162 0.152660 4
  129 0.097927 2
  195 0.118965 3
  130 0.088943 2
   25 0.056382 1
   -2 0.158688 4
   26 0.057679 1
  195 0.089383 2
  163 0.152764 4
  195 0.133489 3
  131 0.122697 3
  195 0.156971 4
   27 0.060883 1
   -1 0.252746 6
  132 0.093241 2
  133 0.092206 2
   -6 0.201780 5
  195 0.189059 5
   28 0.062109 1
  195 0.264797 7
  195 0.115539 3
  134 0.096969 2
  195 0.146284 4
   29 0.062895 1
   30 0.062250 1
  195 0.120270 3
   31 0.057653 1
  191 0.121594 3
   -3 0.127943 3
   -1 0.182301 4
   -2 0.166674 4
   32 0.055691 1
  195 0.129725 3
   33 0.058638 1
   -2 0.293920 8
  -10 0.098804 2
  195 0.160282 4
  107 0.128324 3
   -5 0.163625 4
  -10 0.135552 3
   -8 0.201576 5
   -1 0.180648 4
   -1 0.225142 5
  195 0.134480 3
   34 0.056382 1
   -2 0.135911 3
   -2 0.174178 4
  135 0.124562 3
   35 0.062169 1
  136 0.085614 2
   -5 0.187142 5
  195 0.136927 3
   -2 0.126237 3
   36 0.061966 1
  -10 0.165993 4
  137 0.092257 2
   37 0.062097 1
   38 0.058942 1
  195 0.165557 4
   -2 0.166694 4
  195 0.165440 4
   -4 0.152452 4
   -3 0.129782 3
  195 0.161927 4
   -1 0.196985 4
   -7 0.161379 4
  178 0.123252 3
   -1 0.217217 5
   39 0.057255 1
   -2 0.180295 4
  195 0.094019 2
   40 0.060476 1
   -4 0.173299 4
   41 0.054927 1
   42 0.058461 1
  164 0.127732 3
   -3 0.126840 3
   43 0.060663 1
  138 0.093949 2
   44 0.093700 2
   45 0.066075 1
   -2 0.134881 3
  139 0.097767 2
   46 0.068988 1
   47 0.062643 1
  -10 0.142606 3
   -7 0.129655 3
   -1 0.186327 4
  165 0.102887 2
   48 0.057740 1
   -1 0.233504 5
   49 0.062643 1
   -9 0.131642 3
  140 0.094701 2
   50 0.057056 1
  195 0.165914 4
  195 0.124586 3
   51 0.058942 1
   52 0.063437 1
   53 0.055683 1
  195 0.126011 3
  141 0.095872 2
  195 0.124436 3
  142 0.086932 2
   -1 0.185872 4
  143 0.145360 3
  195 0.149195 4
  144 0.098806 2
  195 0.122275 3
   54 0.062958 1
  195 0.131743 3
  195 0.127708 3
  179 0.118153 3
   55 0.062085 1
   56 0.066062 1
   57 0.062698 1
  166 0.124307 3
  195 0.134740 3
   58 0.073462 1
   -1 0.180582 4
  195 0.168564 4
  195 0.133938 3
  145 0.131616 3
   59 0.065611 1
   60 0.059373 1
   61 0.056513 1
   -2 0.147838 3
   62 0.058433 1
   63 0.058461 1
   64 0.056919 1
   65 0.056868 1
  146 0.121573 3
   -3 0.130247 3
   66 0.059063 1
  195 0.131861 3
  167 0.095201 2
   -3 0.171662 4
   67 0.073462 1
  -10 0.129086 3
   68 0.060353 1
  195 0.092318 2
   69 0.056868 1
  180 0.123726 3
   -6 0.136718 3
   -2 0.125172 3
   70 0.063594 1
   71 0.061164 1
   -2 0.130975 3
   72 0.060366 1
  195 0.127330 3
   -3 0.119673 3
   -2 0.186636 5
  195 0.135187 3
   73 0.066721 1
   74 0.059263 1
   -2 0.133811 3
   75 0.066075 1
   76 0.069083 1
   77 0.056460 1
   78 0.059924 1
   79 0.055733 1
   80 0.065998 1
   81 0.066818 1
   -2 0.132002 3
   82 0.066062 1
   -3 0.137214 3
   83 0.058762 1
   84 0.065597 1
  195 0.125734 3
  195 0.134693 3
  195 0.126291 3
   -5 0.128843 3
   85 0.060621 1
   86 0.065146 1
  195 0.129273 3
   87 0.056919 1
  193 0.132529 3
   88 0.055301 1
   89 0.057653 1
   90 0.064150 1
  195 0.130171 3
  195 0.127984 3
  168 0.132337 3
   -2 0.128771 3
   91 0.059063 1
   92 0.066919 1
  195 0.122349 3
  185 0.131627 3
  195 0.111105 3
  195 0.139827 3
   93 0.060059 1
  195 0.166315 4
   -5 0.159851 4
   -5 0.129595 3
   94 0.073462 1
   95 0.060059 1
   -2 0.123166 3
   -3 0.122735 3
  195 0.142619 3
  195 0.132696 3
   96 0.059104 1
   97 0.058461 1
  195 0.128791 3
  186 0.134423 3
   98 0.063029 1
   44 0.129997 3
   99 0.058942 1
  100 0.056460 1
  101 0.065497 1
  195 0.133645 3
  102 0.065962 1
  195 0.132832 3
  103 0.060621 1
  195 0.129480 3
