   -1 0.588564 18
  219 0.529599 18
  -10 0.339151 11
   -1 0.890188 28
   -1 0.494698 16
  219 0.254854 8
  219 0.252087 8
   -1 0.385585 12
   -1 0.696446 22
   -1 1.243498 39
   -7 0.310260 10
   -1 1.170269 34
  219 0.311305 10
   -9 0.526716 17
   -1 0.512290 14
   -4 0.285197 9
   -1 0.629981 18
   -5 0.393723 13
   -1 0.331716 10
  206 0.141392 4
   -1 0.395080 12
   -7 0.265727 8
  219 0.283487 9
  219 0.175188 5
   -1 0.513733 15
   -1 0.504838 14
  219 0.149724 4
  219 0.314685 10
   -1 0.569367 17
  219 0.206842 6
   -3 0.519479 17
  219 0.162601 5
  219 0.253126 8
  219 0.243013 7
  211 0.195168 6
   -3 0.241060 7
   -1 0.280385 8
  219 0.183229 5
  219 0.444513 14
   -1 0.504012 14
  219 0.228763 7
   -5 0.241277 7
  219 0.178625 5
  219 0.288952 9
  219 0.160171 5
  -10 0.256863 8
   -1 0.278664 8
   -8 0.239324 7
  176 0.145895 4
  219 0.163919 5
  219 0.267279 8
  219 0.221379 7
  219 0.240402 7
  219 0.372699 12
   -1 0.288339 8
   -7 0.290793 9
   -3 0.238914 7
   -1 0.338122 9
   -4 0.287062 9
  117 0.199596 6
   -1 0.278154 8
   -4 0.207905 6
  118 0.088995 2
   -1 0.323371 9
  157 0.155487 4
  219 0.378366 12
  219 0.278759 8
   -4 0.207914 6
  219 0.208143 6
   -5 0.286492 9
  219 0.196360 6
   -1 0.533221 16
   -8 0.265461 8
  219 0.329157 10
  195 0.178672 5
  219 0.264280 8
   -1 0.545723 15
   -3 0.291302 9
  215 0.291062 9
  -11 0.173383 5
  219 0.380684 12
  219 0.120486 3
  219 0.212431 6
  219 0.217375 7
  219 0.177815 5
  219 0.119512 3
   -2 0.269339 8
   -1 0.795579 19
  219 0.183316 5
  219 0.202056 6
  219 0.433191 14
   -1 0.411030 12
  219 0.107621 3
  -14 0.150470 4
  219 0.172274 5
   -8 0.203242 6
  219 0.262212 8
  219 0.206986 6
  188 0.118341 3
   -4 0.153587 4
  219 0.215768 6
  219 0.293777 9
  219 0.199840 6
  158 0.143629 4
  219 0.175778 5
  219 0.143440 4
  219 0.199238 6
   -1 0.486388 14
   -1 0.309340 9
   -7 0.208806 6
  219 0.319586 10
  -11 0.207284 6
   -1 0.305662 9
   -3 0.341194 10
  159 0.188466 5
   -1 0.282866 6
  219 0.209729 6
   -2 0.215105 6
  119 0.147362 4
   -2 0.347734 10
  219 0.118632 3
   -2 0.173684 5
   -1 0.398840 12
  189 0.139077 4
   -4 0.231266 7
  160 0.151207 4
  219 0.084693 2
  161 0.118896 3
  219 0.205400 6
   -3 0.232916 7
  190 0.185784 5
  219 0.181806 5
  219 0.168796 5
   -6 0.189483 5
  219 0.137833 4
  120 0.088028 2
   -1 0.319071 9
  219 0.108829 3
   -4 0.282475 8
   -1 0.360081 11
   -2 0.146883 4
   -1 0.257875 7
  219 0.148401 4
  121 0.150882 4
  207 0.081976 2
  219 0.145084 4
    1 0.052793 1
    2 0.052102 1
   -3 0.189791 5
  219 0.212806 6
    3 0.121629 3
   -1 0.221173 6
  219 0.270271 8
  219 0.178020 5
   -4 0.201831 6
  219 0.315699 10
   -1 0.447127 12
  177 0.122714 3
  219 0.266121 8
  219 0.235324 7
   -2 0.293155 9
  219 0.202841 6
   -6 0.331713 10
   -1 0.287760 8
   -1 0.296838 8
  219 0.209231 6
   -2 0.175742 5
  212 0.170883 5
  122 0.085499 2
   -1 0.191109 5
  219 0.115127 3
  123 0.090088 2
   -4 0.187615 5
  219 0.232923 7
   -1 0.229094 6
  162 0.113520 3
  163 0.090598 2
  124 0.083692 2
  219 0.114248 3
  164 0.082388 2
  219 0.118681 3
  178 0.125108 3
  219 0.213085 6
  219 0.119240 3
  219 0.200066 6
    4 0.054257 1
   -2 0.121839 3
    5 0.119452 3
   -5 0.210928 6
   -2 0.148031 4
   -1 0.258903 7
  165 0.153649 4
   -1 0.315221 8
   -4 0.247914 7
  125 0.091532 2
  219 0.117218 3
   -1 0.205767 5
   -3 0.219692 6
  126 0.111301 3
   -5 0.151355 4
  219 0.136012 4
  219 0.155748 4
  219 0.117245 3
  127 0.094226 2
  219 0.123243 3
  219 0.205476 6
  166 0.093837 2
    6 0.056313 1
  128 0.121955 3
   -1 0.295417 7
  129 0.084730 2
  179 0.117869 3
   -2 0.138966 4
  -14 0.212812 6
   -1 0.196153 5
  219 0.154458 4
  219 0.173181 5
   -2 0.121720 3
  130 0.081824 2
  131 0.085990 2
   -1 0.279888 8
  218 0.155843 4
  219 0.192381 5
   -1 0.195777 5
  132 0.085731 2
  219 0.210400 6
  -12 0.148289 4
  219 0.121725 3
  219 0.180336 5
  219 0.174201 5
  180 0.117711 3
   -1 0.193314 5
  219 0.170745 5
  219 0.213248 6
   -2 0.180629 5
  203 0.141961 4
  133 0.088983 2
  134 0.118006 3
   -2 0.120783 3
   -1 0.351307 9
  219 0.145933 4
   -1 0.173145 4
    7 0.084434 2
  219 0.167835 5
    8 0.089984 2
  219 0.118989 3
  219 0.237724 7
   -1 0.214800 5
  135 0.091183 2
   -2 0.177479 4
  167 0.123998 3
    9 0.053468 1
  219 0.179766 5
  219 0.113815 3
   -2 0.246364 7
  181 0.111122 3
   -1 0.405722 11
   -2 0.158253 4
  -13 0.153076 4
   10 0.057455 1
  219 0.173075 5
   -2 0.333848 10
  213 0.086765 2
   11 0.094235 2
   12 0.086199 2
   -2 0.156063 4
  208 0.140859 4
   13 0.055636 1
   14 0.060592 1
   -5 0.145571 4
  219 0.187441 5
   -3 0.149122 4
   -3 0.178353 5
   -1 0.235511 6
  219 0.189944 5
  219 0.183603 5
   15 0.055601 1
  219 0.156119 4
  219 0.145125 4
   16 0.058179 1
  219 0.182802 5
   -1 0.346439 9
   17 0.054257 1
  191 0.084894 2
   -5 0.181184 5
  192 0.111433 3
   18 0.052793 1
   -5 0.181445 5
  136 0.081014 2
  219 0.243117 7
   19 0.058492 1
   -3 0.178232 5
   20 0.147340 4
   -1 0.277620 8
  168 0.120469 3
  219 0.172975 5
  204 0.152323 4
   -9 0.180235 5
  219 0.151275 4
   21 0.055651 1
   22 0.056539 1
   -1 0.207119 5
   -3 0.169307 5
  -11 0.147146 4
  219 0.115918 3
  182 0.129338 3
  193 0.087161 2
   -2 0.122562 3
  137 0.098454 2
  198 0.080659 2
  205 0.089826 2
   -1 0.372676 11
  138 0.100841 2
  139 0.090222 2
   -9 0.143349 4
  140 0.114275 3
  141 0.087891 2
  219 0.143785 4
  183 0.125878 3
  219 0.155328 4
   23 0.052312 1
   24 0.054115 1
   -2 0.191191 5
  194 0.116645 3
  219 0.145439 4
  -14 0.178757 5
  142 0.147896 4
   25 0.053251 1
   26 0.060872 1
  219 0.145458 4
  -11 0.146183 4
   -1 0.229675 5
   -1 0.164398 4
  169 0.089873 2
   -2 0.154785 4
   -4 0.193310 5
  214 0.114105 3
  219 0.143718 4
  -12 0.210536 6
  219 0.187656 5
  219 0.159374 4
  216 0.180799 5
   27 0.057489 1
   -3 0.158056 4
  143 0.089730 2
   28 0.060592 1
   -4 0.228380 6
   -2 0.126998 3
  219 0.126454 3
  219 0.093162 2
   29 0.053798 1
  219 0.215601 6
   30 0.056671 1
  170 0.109720 3
   31 0.054738 1
  219 0.121587 3
  219 0.149174 4
  219 0.120647 3
   32 0.052102 1
  171 0.091203 2
  219 0.152525 4
   -4 0.118346 3
  219 0.142645 4
  219 0.144656 4
  219 0.183649 5
   33 0.058364 1
   -4 0.095885 2
  219 0.146893 4
  219 0.154199 4
   -2 0.133631 3
  144 0.094621 2
  199 0.158611 4
  219 0.145288 4
   34 0.056103 1
   -9 0.188394 5
   -1 0.238292 6
   -6 0.087671 2
  209 0.115350 3
   35 0.056351 1
   36 0.056351 1
  219 0.109986 3
  219 0.119981 3
   -2 0.147478 4
  219 0.085080 2
   37 0.052024 1
   -3 0.121942 3
  219 0.146026 4
  145 0.115891 3
   -1 0.226174 6
  219 0.147673 4
   38 0.089213 2
  219 0.110205 3
   -1 0.164527 4
   -1 0.194683 5
  219 0.116787 3
   -1 0.235804 6
  146 0.111754 3
   39 0.058346 1
  219 0.108582 3
   -1 0.204247 5
   -5 0.151477 4
  219 0.125173 3
   -2 0.226320 6
   -4 0.132158 3
   40 0.058282 1
   41 0.056333 1
  147 0.118107 3
  172 0.094753 2
  148 0.117054 3
  219 0.146443 4
  173 0.093351 2
  219 0.152491 4
   42 0.053868 1
   -6 0.155411 4
   -7 0.129250 3
   -2 0.141067 3
   -2 0.224729 6
   -6 0.157570 4
   -3 0.122724 3
  219 0.120062 3
  196 0.219822 6
  149 0.089285 2
  219 0.115022 3
   43 0.056103 1
   -3 0.131471 3
  -10 0.141924 4
  219 0.117075 3
  219 0.142583 4
   -1 0.201741 5
  184 0.124166 3
  219 0.121040 3
   44 0.055651 1
   -2 0.219485 6
   45 0.054749 1
   46 0.055924 1
   -6 0.152404 4
  219 0.079943 2
   -7 0.153483 4
   -2 0.139850 3
  219 0.149907 4
   -3 0.161992 4
   47 0.061516 1
  185 0.116700 3
   48 0.061793 1
  219 0.117709 3
   -2 0.137929 3
   49 0.056934 1
  197 0.121679 3
  219 0.116995 3
   50 0.057863 1
  174 0.087782 2
   -6 0.117194 3
   51 0.058492 1
  175 0.099441 2
   52 0.055924 1
   53 0.056934 1
  219 0.121913 3
  219 0.119016 3
  -14 0.112159 3
  150 0.091453 2
   54 0.052102 1
  219 0.091190 2
   55 0.059722 1
  219 0.117829 3
  200 0.116213 3
  219 0.111527 3
  151 0.085575 2
   -3 0.154772 4
   -4 0.121421 3
   56 0.051281 1
   57 0.054257 1
   -3 0.124643 3
  152 0.089965 2
   -2 0.160466 4
   -1 0.205623 5
  153 0.089155 2
   58 0.052793 1
   59 0.054257 1
  186 0.131675 3
   60 0.060592 1
   61 0.060592 1
   62 0.060210 1
   -2 0.129543 3
  154 0.091818 2
   63 0.054531 1
  219 0.089905 2
   -7 0.093924 2
   64 0.054115 1
   65 0.056671 1
  219 0.148965 4
   -5 0.119764 3
   66 0.058406 1
  219 0.095354 2
   -2 0.165720 4
   67 0.059296 1
   68 0.058758 1
   69 0.054531 1
  219 0.119048 3
  219 0.117640 3
   -8 0.115227 3
   70 0.055574 1
   71 0.055651 1
  219 0.135843 3
   -1 0.175356 4
   72 0.057041 1
  219 0.158408 4
   -2 0.117674 3
   -2 0.230230 6
  219 0.111956 3
  219 0.115650 3
  155 0.086211 2
  220 0.118505 3
  219 0.120691 3
  210 0.111724 3
  219 0.155384 4
   73 0.051908 1
   -2 0.149332 4
   -2 0.120384 3
   74 0.055135 1
   -3 0.148388 4
   75 0.054215 1
   76 0.064045 1
  219 0.117656 3
   77 0.055541 1
  219 0.115076 3
   78 0.054791 1
   -9 0.116674 3
  219 0.109034 3
   -3 0.167633 4
   -2 0.118149 3
  219 0.119471 3
  219 0.115491 3
   -3 0.129624 3
   79 0.059935 1
   -2 0.127180 3
   80 0.060592 1
   -2 0.211232 6
  219 0.161358 4
   -2 0.133082 3
  219 0.144314 4
  219 0.146861 4
   81 0.052102 1
   82 0.052024 1
  219 0.111784 3
  -10 0.113382 3
  219 0.115214 3
   83 0.052824 1
   84 0.064045 1
   85 0.054112 1
   86 0.053196 1
   87 0.054257 1
  -10 0.125043 3
   88 0.054554 1
   89 0.059962 1
  219 0.146705 4
   90 0.054608 1
  219 0.125023 3
   91 0.053327 1
  156 0.084028 2
  201 0.128151 3
   92 0.054112 1
   93 0.054749 1
   94 0.060872 1
   -3 0.118105 3
   95 0.057719 1
   96 0.059980 1
  217 0.118740 3
   97 0.056103 1
   98 0.056671 1
  219 0.115274 3
  219 0.117843 3
  219 0.149189 4
   99 0.060592 1
  202 0.119008 3
  100 0.059956 1
   -2 0.117786 3
  101 0.060592 1
   -4 0.126503 3
  187 0.108804 3
  102 0.052102 1
  103 0.055601 1
  104 0.052985 1
   -3 0.117723 3
  219 0.122674 3
  105 0.060592 1
  219 0.115624 3
  106 0.065073 1
  107 0.056438 1
   -4 0.137612 3
  108 0.065073 1
  109 0.054497 1
  110 0.058096 1
  111 0.054257 1
  112 0.062263 1
  113 0.055924 1
  114 0.065073 1
  219 0.119126 3
   -6 0.116723 3
  115 0.058179 1
  116 0.054749 1
