1 36854
2 6776
3 2453
4 1163
5 689
6 424
7 273
8 199
9 153
10 147
11 107
12 85
13 65
14 65
15 54
16 33
17 37
18 25
19 31
20 22
21 22
22 18
23 22
24 16
25 16
26 12
27 8
28 10
29 10
30 10
31 14
32 6
33 5
34 7
35 6
36 3
37 7
38 1
39 7
40 4
41 1
42 6
43 3
44 6
45 3
46 2
47 3
48 3
50 2
51 1
52 2
53 2
54 2
55 2
57 3
59 2
60 2
61 3
62 2
63 2
64 1
67 2
69 1
70 2
72 1
73 1
74 2
75 1
76 1
78 2
79 1
80 1
82 1
84 1
85 1
89 1
94 1
99 1
101 1
102 2
103 1
108 1
109 1
110 1
112 1
125 1
132 1
138 1
139 1
141 1
142 1
145 1
148 1
168 1
183 1
191 1
194 1
197 1
206 1
218 1
355 1
366 1
528 1
3342 1
