100 0.010000 44
100 0.010000 58
100 0.010000 48
100 0.010000 50
100 0.010000 49
100 0.010000 47
100 0.010000 62
100 0.010000 50
100 0.010000 41
100 0.010000 56
100 0.015000 50
100 0.015000 34
100 0.015000 28
100 0.015000 33
100 0.015000 20
100 0.015000 32
100 0.015000 21
100 0.015000 26
100 0.015000 18
100 0.015000 32
100 0.020000 16
100 0.020000 18
100 0.020000 18
100 0.020000 14
100 0.020000 14
100 0.020000 22
100 0.020000 14
100 0.020000 16
100 0.020000 22
100 0.020000 17
100 0.030000 4
100 0.030000 7
100 0.030000 8
100 0.030000 8
100 0.030000 5
100 0.030000 7
100 0.030000 2
100 0.030000 9
100 0.030000 6
100 0.030000 8
100 0.040000 1
100 0.040000 4
100 0.040000 2
100 0.040000 4
100 0.040000 7
100 0.040000 5
100 0.040000 2
100 0.040000 2
100 0.040000 3
100 0.040000 3
100 0.050000 1
100 0.050000 2
100 0.050000 4
100 0.050000 1
100 0.050000 1
100 0.050000 1
100 0.050000 2
100 0.050000 2
100 0.050000 4
100 0.050000 1
100 0.050000 3
100 0.050000 2
100 0.050000 3
100 0.050000 2
100 0.050000 1
100 0.050000 1
100 0.050000 2
100 0.050000 1
100 0.050000 1
100 0.050000 1
100 0.050000 1
100 0.050000 1
100 0.050000 1
100 0.050000 1
100 0.050000 1
100 0.050000 4
100 0.050000 1
100 0.050000 1
100 0.050000 1
100 0.050000 2
100 0.050000 1
100 0.050000 2
100 0.050000 2
100 0.050000 1
100 0.050000 2
100 0.050000 1
100 0.050000 4
100 0.050000 1
100 0.050000 3
100 0.050000 1
100 0.060000 2
100 0.060000 1
100 0.060000 1
100 0.060000 1
100 0.060000 1
100 0.060000 1
100 0.060000 1
100 0.060000 2
100 0.060000 1
100 0.060000 1
100 0.060000 1
100 0.060000 1
100 0.060000 1
100 0.060000 1
100 0.060000 1
100 0.060000 1
100 0.060000 1
100 0.060000 1
100 0.060000 1
100 0.060000 1
100 0.060000 1
100 0.060000 1
100 0.060000 1
100 0.060000 1
100 0.060000 2
100 0.060000 1
100 0.060000 1
100 0.060000 1
100 0.060000 2
100 0.060000 2
1000 0.006000 2
1000 0.006000 5
1000 0.006000 4
1000 0.006000 3
1000 0.006000 1
1000 0.006000 4
1000 0.006000 4
1000 0.006000 2
1000 0.006000 6
1000 0.006000 6
1000 0.010000 1
1000 0.010000 1
1000 0.010000 1
1000 0.010000 1
1000 0.010000 1
1000 0.010000 1
1000 0.010000 1
1000 0.010000 1
1000 0.010000 2
1000 0.010000 1
1000 0.010000 1
1000 0.010000 2
1000 0.010000 1
1000 0.010000 2
1000 0.010000 1
1000 0.010000 1
1000 0.010000 1
1000 0.010000 1
1000 0.010000 1
1000 0.010000 1
1000 0.010000 1
1000 0.010000 1
1000 0.010000 1
1000 0.010000 1
1000 0.010000 1
1000 0.010000 1
1000 0.010000 1
1000 0.010000 1
1000 0.010000 1
1000 0.010000 1
10000 0.001000 1
10000 0.001000 1
10000 0.001000 1
10000 0.001000 2
10000 0.001000 1
10000 0.001000 3
10000 0.001000 1
10000 0.001000 1
10000 0.001000 1
10000 0.001000 2
10000 0.000100 4988
10000 0.000100 5115
10000 0.000100 4885
10000 0.000100 4957
10000 0.000100 5057
10000 0.000100 4952
10000 0.000100 4894
10000 0.000100 5044
10000 0.000100 5107
10000 0.000100 5092
10000 0.000200 1628
10000 0.000200 1571
10000 0.000200 1612
10000 0.000200 1629
10000 0.000200 1624
10000 0.000200 1581
10000 0.000200 1596
10000 0.000200 1632
10000 0.000200 1636
10000 0.000200 1530
10000 0.000300 556
10000 0.000300 559
10000 0.000300 534
10000 0.000300 494
10000 0.000300 545
10000 0.000300 565
10000 0.000300 548
10000 0.000300 524
10000 0.000300 513
10000 0.000300 513
10000 0.000400 183
10000 0.000400 191
10000 0.000400 199
10000 0.000400 192
10000 0.000400 190
10000 0.000400 182
10000 0.000400 214
10000 0.000400 180
10000 0.000400 193
10000 0.000400 172
10000 0.000500 65
10000 0.000500 75
10000 0.000500 64
10000 0.000500 74
10000 0.000500 54
10000 0.000500 70
10000 0.000500 64
10000 0.000500 65
10000 0.000500 68
10000 0.000500 87
10000 0.000600 19
10000 0.000600 29
10000 0.000600 22
10000 0.000600 33
10000 0.000600 31
10000 0.000600 23
10000 0.000600 19
10000 0.000600 19
10000 0.000600 29
10000 0.000600 23
10000 0.000600 26
10000 0.000600 25
10000 0.000600 26
10000 0.000600 31
10000 0.000600 26
10000 0.000600 30
10000 0.000600 26
10000 0.000600 27
10000 0.000600 26
10000 0.000600 40
10000 0.000600 22
10000 0.000600 36
10000 0.000600 30
10000 0.000600 29
10000 0.000600 23
10000 0.000600 31
10000 0.000600 30
10000 0.000600 32
10000 0.000600 31
10000 0.000600 27
10000 0.000600 27
10000 0.000600 21
10000 0.000600 28
10000 0.000600 28
10000 0.000600 35
10000 0.000600 23
10000 0.000600 16
10000 0.000600 24
10000 0.000600 21
10000 0.000600 28
10000 0.000600 38
10000 0.000600 33
10000 0.000600 32
10000 0.000600 22
10000 0.000600 25
10000 0.000600 21
10000 0.000600 26
10000 0.000600 27
10000 0.000600 23
10000 0.000600 24
10000 0.000600 21
10000 0.000600 24
10000 0.000600 25
10000 0.000600 17
10000 0.000600 28
10000 0.000600 15
10000 0.000600 24
10000 0.000600 26
10000 0.000600 27
10000 0.000600 35
10000 0.000600 21
10000 0.000600 28
10000 0.000600 32
10000 0.000600 30
10000 0.000600 32
10000 0.000600 24
10000 0.000600 14
10000 0.000600 30
10000 0.000600 31
10000 0.000600 23
10000 0.000600 32
10000 0.000600 28
10000 0.000600 17
10000 0.000600 21
10000 0.000600 34
10000 0.000600 31
10000 0.000600 33
10000 0.000600 26
10000 0.000600 25
10000 0.000600 29
10000 0.000600 25
10000 0.000600 19
10000 0.000600 22
10000 0.000600 23
10000 0.000600 18
10000 0.000600 19
10000 0.000600 20
10000 0.000600 29
10000 0.000600 28
10000 0.000600 21
10000 0.000600 25
10000 0.000600 20
10000 0.000600 25
10000 0.000600 31
10000 0.000600 31
10000 0.000600 29
10000 0.000600 29
10000 0.000600 30
10000 0.000600 26
10000 0.000600 29
10000 0.000600 21
10000 0.000600 31
10000 0.000600 22
10000 0.000600 25
10000 0.000600 22
10000 0.000600 28
10000 0.000600 27
10000 0.000600 29
10000 0.000600 30
10000 0.000600 30
10000 0.000700 9
10000 0.000700 14
10000 0.000700 16
10000 0.000700 7
10000 0.000700 6
10000 0.000700 8
10000 0.000700 5
10000 0.000700 11
10000 0.000700 9
10000 0.000700 8
10000 0.000700 13
10000 0.000700 12
10000 0.000700 11
10000 0.000700 11
10000 0.000700 8
10000 0.000700 8
10000 0.000700 8
10000 0.000700 6
10000 0.000700 12
10000 0.000700 15
10000 0.000700 10
10000 0.000700 8
10000 0.000700 14
10000 0.000700 11
10000 0.000700 11
10000 0.000700 14
10000 0.000700 9
10000 0.000700 13
10000 0.000700 18
10000 0.000700 9
10000 0.000700 15
10000 0.000700 11
10000 0.000700 13
10000 0.000700 12
10000 0.000700 11
10000 0.000700 12
10000 0.000700 8
10000 0.000700 12
10000 0.000700 8
10000 0.000700 13
10000 0.000700 9
10000 0.000700 9
10000 0.000700 11
10000 0.000700 11
10000 0.000700 14
10000 0.000700 10
10000 0.000700 10
10000 0.000700 4
10000 0.000700 10
10000 0.000700 8
10000 0.000700 5
10000 0.000700 12
10000 0.000700 12
10000 0.000700 13
10000 0.000700 11
10000 0.000700 10
10000 0.000700 9
10000 0.000700 16
10000 0.000700 8
10000 0.000700 10
10000 0.000700 7
10000 0.000700 11
10000 0.000700 8
10000 0.000700 12
10000 0.000700 9
10000 0.000700 7
10000 0.000700 10
10000 0.000700 8
10000 0.000700 8
10000 0.000700 7
10000 0.000700 17
10000 0.000700 11
10000 0.000700 11
10000 0.000700 9
10000 0.000700 11
10000 0.000700 13
10000 0.000700 10
10000 0.000700 7
10000 0.000700 10
10000 0.000700 11
10000 0.000700 21
10000 0.000700 15
10000 0.000700 11
10000 0.000700 9
10000 0.000700 11
10000 0.000700 10
10000 0.000700 4
10000 0.000700 9
10000 0.000700 11
10000 0.000700 13
10000 0.000700 7
10000 0.000700 13
10000 0.000700 10
10000 0.000700 10
10000 0.000700 8
10000 0.000700 4
10000 0.000700 14
10000 0.000700 9
10000 0.000700 12
10000 0.000700 10
10000 0.000800 4
10000 0.000800 3
10000 0.000800 2
10000 0.000800 4
10000 0.000800 4
10000 0.000800 6
10000 0.000800 7
10000 0.000800 1
10000 0.000800 2
10000 0.000800 1
10000 0.000800 5
10000 0.000800 4
10000 0.000800 5
10000 0.000800 2
10000 0.000800 11
10000 0.000800 3
10000 0.000800 5
10000 0.000800 5
10000 0.000800 4
10000 0.000800 6
10000 0.000800 11
10000 0.000800 7
10000 0.000800 5
10000 0.000800 5
10000 0.000800 7
10000 0.000800 3
10000 0.000800 3
10000 0.000800 3
10000 0.000800 6
10000 0.000800 7
10000 0.000800 4
10000 0.000800 2
10000 0.000800 6
10000 0.000800 3
10000 0.000800 4
10000 0.000800 7
10000 0.000800 2
10000 0.000800 2
10000 0.000800 5
10000 0.000800 5
10000 0.000800 4
10000 0.000800 8
10000 0.000800 4
10000 0.000800 7
10000 0.000800 5
10000 0.000800 3
10000 0.000800 5
10000 0.000800 6
10000 0.000800 6
10000 0.000800 4
10000 0.000800 4
10000 0.000800 4
10000 0.000800 5
10000 0.000800 3
10000 0.000800 2
10000 0.000800 6
10000 0.000800 3
10000 0.000800 7
10000 0.000800 2
10000 0.000800 5
10000 0.000800 7
10000 0.000800 7
10000 0.000800 4
10000 0.000800 7
10000 0.000800 3
10000 0.000800 4
10000 0.000800 3
10000 0.000800 3
10000 0.000800 6
10000 0.000800 4
10000 0.000800 6
10000 0.000800 4
10000 0.000800 4
10000 0.000800 1
10000 0.000800 4
10000 0.000800 7
10000 0.000800 5
10000 0.000800 3
10000 0.000800 3
10000 0.000800 4
10000 0.000800 4
10000 0.000800 2
10000 0.000800 2
10000 0.000800 4
10000 0.000800 4
10000 0.000800 6
10000 0.000800 1
10000 0.000800 2
10000 0.000800 7
10000 0.000800 10
10000 0.000800 4
10000 0.000800 7
10000 0.000800 4
10000 0.000800 4
10000 0.000800 7
10000 0.000800 6
10000 0.000800 5
10000 0.000800 4
10000 0.000800 4
10000 0.000800 5
10000 0.000900 1
10000 0.000900 6
10000 0.000900 3
10000 0.000900 2
10000 0.000900 3
10000 0.000900 1
10000 0.000900 1
10000 0.000900 2
10000 0.000900 4
10000 0.000900 3
10000 0.000900 5
10000 0.000900 1
10000 0.000900 1
10000 0.000900 2
10000 0.000900 2
10000 0.000900 3
10000 0.000900 1
10000 0.000900 1
10000 0.000900 1
10000 0.000900 1
10000 0.000900 1
10000 0.000900 1
10000 0.000900 1
10000 0.000900 1
10000 0.000900 4
10000 0.000900 2
10000 0.000900 2
10000 0.000900 3
10000 0.000900 1
10000 0.000900 2
10000 0.000900 1
10000 0.000900 1
10000 0.000900 4
10000 0.000900 3
10000 0.000900 2
10000 0.000900 6
10000 0.000900 1
10000 0.000900 1
10000 0.000900 2
10000 0.000900 1
10000 0.000900 2
10000 0.000900 3
10000 0.000900 2
10000 0.000900 3
10000 0.000900 1
10000 0.000900 3
10000 0.000900 2
10000 0.000900 2
10000 0.000900 1
10000 0.000900 3
10000 0.000900 2
10000 0.000900 2
10000 0.000900 2
10000 0.000900 1
10000 0.000900 6
10000 0.000900 2
10000 0.000900 2
10000 0.000900 1
10000 0.000900 1
10000 0.000900 2
10000 0.000900 1
10000 0.000900 2
10000 0.000900 2
10000 0.000900 3
10000 0.000900 3
10000 0.000900 4
10000 0.000900 6
10000 0.000900 2
10000 0.000900 1
10000 0.000900 1
10000 0.000900 1
10000 0.000900 4
10000 0.000900 2
10000 0.000900 1
10000 0.000900 1
10000 0.000900 1
10000 0.000900 1
10000 0.000900 2
10000 0.000900 3
10000 0.000900 3
10000 0.000900 3
10000 0.000900 1
10000 0.000900 1
10000 0.000900 3
10000 0.000900 1
10000 0.000900 3
10000 0.000900 3
10000 0.000900 1
10000 0.000900 2
10000 0.000900 1
10000 0.000900 3
10000 0.000900 2
10000 0.000900 2
10000 0.000900 1
10000 0.000900 1
10000 0.000900 3
10000 0.000900 2
10000 0.000900 1
10000 0.000900 2
10000 0.000900 2
10000 0.001000 2
10000 0.001000 1
10000 0.001000 2
10000 0.001000 1
10000 0.001000 1
10000 0.001000 2
10000 0.001000 1
10000 0.001000 1
10000 0.001000 1
10000 0.001000 1
10000 0.001000 1
10000 0.001000 1
10000 0.001000 1
10000 0.001000 1
10000 0.001000 1
10000 0.001000 2
10000 0.001000 3
10000 0.001000 2
10000 0.001000 1
10000 0.001000 1
10000 0.001000 1
10000 0.001000 2
10000 0.001000 1
10000 0.001000 1
10000 0.001000 2
10000 0.001000 2
10000 0.001000 2
10000 0.001000 2
10000 0.001000 1
10000 0.001000 1
10000 0.001000 3
10000 0.001000 2
10000 0.001000 1
10000 0.001000 4
10000 0.001000 2
10000 0.001000 1
10000 0.001000 1
10000 0.001000 1
10000 0.001000 2
10000 0.001000 1
10000 0.001000 2
10000 0.001000 2
10000 0.001000 1
10000 0.001000 2
10000 0.001000 1
10000 0.001000 2
10000 0.001000 1
10000 0.001000 2
10000 0.001000 1
10000 0.001000 1
10000 0.001000 3
10000 0.001000 1
10000 0.001000 1
10000 0.001000 1
10000 0.001000 1
10000 0.001000 1
10000 0.001000 1
10000 0.001000 1
10000 0.001000 1
10000 0.001000 1
10000 0.001000 1
10000 0.001000 1
10000 0.001000 1
10000 0.001000 2
10000 0.001000 1
10000 0.001000 2
10000 0.001000 1
10000 0.001000 1
10000 0.001000 1
10000 0.001000 2
10000 0.001000 1
10000 0.001000 1
10000 0.001000 1
10000 0.001000 1
10000 0.001000 1
10000 0.001000 3
10000 0.001000 2
10000 0.001000 1
10000 0.001000 1
10000 0.001000 1
10000 0.001000 2
10000 0.001000 1
10000 0.001000 1
10000 0.001000 1
10000 0.001000 1
10000 0.001000 1
10000 0.001000 1
10000 0.001000 1
10000 0.001000 4
10000 0.001000 1
10000 0.001000 1
10000 0.001000 2
10000 0.001000 1
10000 0.001000 1
10000 0.001000 1
10000 0.001000 1
10000 0.001000 3
10000 0.001000 1
10000 0.001000 1
10000 0.001000 1
100000 0.000200 62478
